a increments: 69, 23
b increments: 27, 71
t coordinates: 10000000018641, 10000000010279
a factors: 3,23,: 23,
b factors: 3,: 71,
combined factors: 2,3,: 2,47,
target factors: 3,307,10857763321,: 47903,208755193,

A presses needed to fill the number: 434782609142 with 13 remaining
B presses needed to fill the number: 370370371060 with 21 remaining
0
1000000000
2000000000
3000000000
4000000000
5000000000
6000000000
7000000000
8000000000
9000000000
10000000000
11000000000
12000000000
13000000000
14000000000
15000000000
16000000000
17000000000
18000000000
19000000000
20000000000
21000000000
22000000000
23000000000
24000000000
25000000000
26000000000
27000000000
28000000000
29000000000
30000000000
31000000000
32000000000
33000000000
34000000000
35000000000
36000000000
37000000000
38000000000
39000000000
40000000000
41000000000
42000000000
43000000000
44000000000
45000000000
46000000000
47000000000
48000000000
49000000000
50000000000
51000000000
52000000000
53000000000
54000000000
55000000000
56000000000
57000000000
58000000000
59000000000
60000000000
61000000000
62000000000
63000000000
64000000000
65000000000
66000000000
67000000000
68000000000
69000000000
70000000000
71000000000
72000000000
73000000000
74000000000
75000000000
76000000000
77000000000
78000000000
79000000000
80000000000
81000000000
82000000000
83000000000
84000000000
85000000000
86000000000
87000000000
88000000000
89000000000
90000000000
91000000000
92000000000
93000000000
94000000000
95000000000
96000000000
97000000000
98000000000
99000000000
100000000000
101000000000
102000000000
a presses: 102851800151 b presses: 107526881786
is solveable
function is_solveable: false